FP1 -0.2939  0.9045  0.3090 
FP2  0.2939  0.9045  0.3090 
F7 -0.7694  0.5590  0.3090 
F8  0.7694  0.5590  0.3090 
AF1 -0.2944  0.7751  0.5591 
AF2  0.2944  0.7751  0.5591 
FZ  0.0000  0.5878  0.8090 
F4  0.5227  0.5362  0.6628 
F3 -0.5227  0.5362  0.6628 
FC6  0.7725  0.2986  0.5604 
FC5 -0.7725  0.2986  0.5604 
FC2  0.3035  0.3087  0.9014 
FC1 -0.3035  0.3087  0.9014 
T8  0.9511 0.0000  0.3090 
T7 -0.9511 0.0000  0.3090 
CZ  0.0000 0.0000  1.0000 
C3 -0.5878 0.0000  0.8090 
C4  0.5878 0.0000  0.8090 
CP5 -0.7725 -0.2986  0.5604 
CP6  0.7725 -0.2986  0.5604 
CP1 -0.3035 -0.3087  0.9014 
CP2  0.3035 -0.3087  0.9014 
P3 -0.5227 -0.5362  0.6628 
P4  0.5227 -0.5362  0.6628 
PZ  0.0000 -0.5878  0.8090 
P8  0.7694 -0.5590  0.3090 
P7 -0.7694 -0.5590  0.3090 
PO2  0.2944 -0.7751  0.5591 
PO1 -0.2944 -0.7751  0.5591 
O2  0.2939 -0.9045  0.3090 
O1 -0.2939 -0.9045  0.3090 
AF7 -0.5590  0.7694  0.3090 
AF8  0.5590  0.7694  0.3090 
F5 -0.6460  0.5476  0.5317 
F6  0.6460  0.5476  0.5317 
FT7 -0.9045  0.2939  0.3090 
FT8  0.9045  0.2939  0.3090 
FPZ  0.0000  0.9511  0.3090 
FC4  0.5783  0.2793  0.7665 
FC3 -0.5783  0.2793  0.7665 
C6  0.8090 0.0000  0.5878 
C5 -0.8090 0.0000  0.5878 
F2  0.2716  0.5841  0.7649 
F1 -0.2716  0.5841  0.7649 
TP8  0.9045 -0.2939  0.3090 
TP7 -0.9045 -0.2939  0.3090 
AFZ  0.0000  0.8090  0.5878 
CP3 -0.5783 -0.2793  0.7665 
CP4  0.5783 -0.2793  0.7665 
P5 -0.6460 -0.5476  0.5317 
P6  0.6460 -0.5476  0.5317 
C1 -0.3090 0.0000  0.9511 
C2  0.3090 0.0000  0.9511 
PO7 -0.5590 -0.7694  0.3090 
PO8  0.5590 -0.7694  0.3090 
FCZ  0.0000  0.3090  0.9511 
POZ  0.0000 -0.8090  0.5878 
OZ  0.0000 -0.9511  0.3090 
P2  0.2716 -0.5841  0.7649 
P1 -0.2716 -0.5841  0.7649 
CPZ  0.0000 -0.3090  0.9511 
